kXy             = 96
kLy             = 96

kBin            = 21

kB              = 0
kJx             = 1
kJy             = 1
alpha           = 100

Tsrt            = 2.26918
Tfin            = 2.26918

isTinf          = 0
Random          = 0

equil_time_base = 500000
mcs             = 1000000
